0,1,2,3,4,5,6,7,8,9,10,11,12,13,14,15,16,17,18,19,20,21,22,23,24,25,26,27,28,29,30,31,32,33,34,35,36,37,38,39,40,41,42,43,44,45,46,47,48,49,50,51,52,53,54,55,56,57,58,59,60,61,62,63,64,65,66,67,68,69,70,71,72,73,74,75,76,77,78,79,80,81,82,83,84,85,86,87,88
0.0,11.98413445339986,11.993332496904044,9.621665660509997,10.839695175288277,5.298726366161507,5.671724148405062,1.3934839701006418,3.2047683626181867,5.673975850214108,5.609148508260355,5.677316369530076,5.67972374452363,5.7003793321774285,4.3935662963054165,5.859111671298559,5.509840829295972,4.801453915875682,3.8602086776747435,8.316332657655263,4.026800689343031,4.187528580936859,2.902895505689342,4.213359334750865,4.058851705802563,4.027383797776906,11.217414256066073,4.17800523468154,3.6352777551511966,3.334428900183367,6.202370937588622,3.3735278259421726,4.823364458897248,4.776853902789405,12.430370106022504,8.629327317316475,5.606202452985935,11.225036446385648,11.297716722381956,8.208169179533515,5.303273934805833,5.311154513745733,5.162883941078246,5.198565260546992,5.087629644816538,5.302749300225236,5.3147049177806425,5.39240445074774,5.3170813970232125,4.947189976318056,5.075682297205193,3.2634520678219383,4.642307123506001,4.064961025146703,3.8237768954180926,3.6235792408277563,5.692145042634672,3.7168476056533346,9.76833651443729,11.263570075226344,4.510836132932031,4.291994600189795,6.1941106595580395,4.361147273939338,4.724946397988984,3.5416458684908405,3.8331219156367187,2.483144303368621,6.779601770510196,8.17606163819163,11.602246275918485,4.615410787912874,6.228221691492298,3.12749505167118,0.7340612050533974,4.02958303429544,4.8239143031778084,3.566719046548488,3.4644267713339874,7.410213035940547,7.402770812832886,3.9783652899896604,3.6502684998772827,3.7715416351560975,3.1931000726702092,3.4385709635154216,4.271886369190453,2.3011051850888107,0.7827803135854678
11.98413445339986,0.0,0.04617618044021799,7.432283410471959,3.3786821240647247,12.257590412832283,13.57398380559795,11.198312625386134,10.770968714075552,16.359013580066204,13.496150106547494,13.657632142427337,11.955787629140946,11.920009195022399,14.098747941047524,12.733273332965874,13.30090086745754,13.628492801622597,12.289925221691055,3.871920581954782,8.398054119472002,12.433131132704885,11.948854481339858,12.431955824457688,12.442002546284439,12.730040229300807,6.52989294832917,13.142485803899547,13.02354380334853,11.483409757975853,14.091225752650402,13.037605103723136,10.886701160782243,10.945956435460099,2.0173236782330557,3.3606420555037415,13.479770911432972,2.2796258832100933,2.1081629934433717,4.704411590475044,16.328116167516317,16.316269062235524,16.228328679486754,16.361269583523608,16.15903189494218,16.344034089695562,16.255018662744884,16.351573291915543,16.742745793509467,15.561965615172005,13.042718982626592,10.767653243833054,13.151637840127572,13.10705027920068,13.098205508879118,13.140905465099836,16.157750263637435,12.336797064555324,8.770973125951,2.1335848107981694,10.421245834833165,11.283724336148689,13.636999608271468,9.93966913920175,9.589752294781137,9.49582756614691,8.916270046106188,13.302009152275495,11.759558662983205,4.724086719648252,7.4753957500865695,13.615539657300717,14.125804761636942,12.168282777154841,11.372456313345648,15.581087427629734,11.110771968649649,14.693770968478042,14.626899980817353,8.671770188062979,8.670257522203405,15.038138417013666,12.370510960207694,12.304151304531318,11.288843139260333,12.556478265610199,13.555299318939463,13.539040306579423,12.766846111503812
11.993332496904044,0.04617618044021799,0.0,7.40147116195526,3.342920677282021,12.246629067665737,13.563462643108656,11.202983263079664,10.791567673502511,16.356304121474228,13.485727833524914,13.647240185453384,11.94309071417022,11.907202099487158,14.120783087664883,12.720757974261899,13.29052389208685,13.62138598101631,12.284493313570144,3.868919201362071,8.398911011894613,12.426583953458879,11.946888546900823,12.425308670758021,12.43595678008647,12.724449921463655,6.491705060053913,13.165486306762801,13.044865699970272,11.504830254346386,14.07968872562013,13.057994578545847,10.876920199352696,10.936364129356743,1.9712243041442836,3.3723027907258536,13.4693314101824,2.3245880772084075,2.153274413015554,4.734612697166939,16.32729232679958,16.31534032892393,16.227815121747273,16.361243413694506,16.15860491620396,16.34329401609766,16.253769568158457,16.350356062681115,16.744240090543688,15.55962466780746,13.033575672393708,10.764580735073894,13.144306242933313,13.10186197366135,13.093935621236234,13.137486855115355,16.15410685284802,12.35916874192298,8.740088322293788,2.1785596817458828,10.412973983629696,11.276116298884665,13.62463730220201,9.93259186171821,9.581427643384874,9.494178299674369,8.915275672822368,13.303555880225163,11.742501709033554,4.754097050008383,7.436542484319127,13.609128289419182,14.11424012273354,12.188766544307079,11.380081215523246,15.584183504413305,11.137392401289924,14.694935148471657,14.628323291360855,8.651219142826516,8.649743003065737,15.038599088060115,12.392629315139711,12.32673393552249,11.285702879663004,12.552935099330822,13.577965588794436,13.542135630149987,12.776076831726526
9.621665660509997,7.432283410471959,7.40147116195526,0.0,4.129402734034895,6.696263222409233,7.908878076632986,8.280375523610873,10.59455546948839,11.518214441504373,7.852986279255204,8.001234705592994,6.192267187600952,6.146227313318444,13.555314462880936,6.891614586255204,7.685904972574769,8.435253275472425,7.54109124742418,4.982867107752502,5.857804397099194,7.491668448784154,7.800147633392268,7.475715604158746,7.574360390817788,7.88421796222522,1.91399078239173,12.917931561470027,12.519525899468311,11.287211600805286,8.239592932045658,12.366908699694132,5.754211974416614,5.829011002013547,6.1652081554564315,6.22653001276103,7.836045163992695,8.758061252260873,8.667631645800839,8.270027561131906,11.762459530320967,11.736331669210276,11.71716419329151,11.909848543117057,11.666971376670606,11.789218977809222,11.63378995942196,11.726454502611224,12.483071499101404,10.846210961304601,7.632285853917062,6.718966805944157,7.987216353348656,8.264205981488097,8.394087026265051,8.558752058483005,11.201202183388794,12.138933046165574,1.3387646274706106,8.662940858670098,5.641389295358109,6.397636406147836,7.719313271306564,5.493839781026445,5.061516262865668,6.08039897624676,5.841146237411265,9.460103145771999,5.429966717652932,8.256019652989682,1.9973103320778243,8.524146033425962,8.267471835854225,11.670961210674703,8.891573688532107,11.67885247958667,11.908351137344896,10.59738579045364,10.578564107732035,2.4859911404273043,2.491157862729249,10.793841358724091,12.121709500883279,12.149604205697935,7.099141434663338,8.049578612860252,13.205724599876328,9.903403270455906,10.2535603306321
10.839695175288277,3.3786821240647247,3.342920677282021,4.129402734034895,0.0,9.780574329196263,11.096488908682815,9.760308744421495,10.561097877150184,14.29808568003896,11.025577272757412,11.185974807486508,9.38759942341102,9.34646817670048,13.88181020597059,10.159873090820744,10.836376594512425,11.347779370705974,10.142049759571137,2.9227101549441423,6.850880981127177,10.212812611850996,10.03193475853205,10.205566382347913,10.252186850303044,10.561055768773246,3.176717218665234,13.035665203258395,12.78099214861742,11.307838189236604,11.549052713984933,12.718138107337417,8.51399494484804,8.582722577873218,2.1021249474128956,3.6334941126228864,11.00851380236219,5.102300467014194,4.973559484855891,5.869929432499808,14.385920724797822,14.367603382731176,14.307511167499463,14.469483295103299,14.244888304327224,14.406908478496986,14.287045023647668,14.38407959411034,14.943244508697537,13.536768007409654,10.653910861520899,8.82024018409603,10.86730516693828,10.953852316787923,11.002244700971058,11.097401921186721,14.042400395125108,12.205620090248866,5.45826083057857,4.979712608386725,8.155836574070742,9.030381787870521,11.056776441270076,7.768054164285353,7.354622017636244,7.702952341748689,7.203009896205712,11.577737027431226,8.963917461172704,5.871238169289577,4.134735183748218,11.376732246612175,11.5816060454457,11.887910987924148,10.138190135841311,13.908298833102744,11.391802137910382,12.910609570258352,12.862305035420219,5.767813291243308,5.768200419783967,13.201717414167545,12.217002666284147,12.191791442732445,9.31755228919788,10.520118806709677,13.407254570436997,11.91299389269711,11.596740664920041
5.298726366161507,12.257590412832283,12.246629067665737,6.696263222409233,9.780574329196263,0.0,1.3226668406305273,4.111941454496369,8.03995799604271,4.837405746540289,1.2484014229985636,1.4098899793769983,0.5594357180132371,0.6036185849924091,9.654390658513238,0.6436998285766515,1.0567263042399797,1.7590447952772243,1.4934583426296213,8.467340521759311,4.655523605840283,1.2146116415780455,2.3999967383723004,1.187704546899824,1.3501091318337826,1.5510460752485187,8.605467162300664,9.473439710461484,8.933458084092951,8.417831691762638,1.8411106451585577,8.671968866143128,1.4033804091743327,1.3574132633598859,11.82256562355205,9.426327513596092,1.231523012741215,12.488800616524133,12.487336509800087,10.264553113731383,5.139456407255696,5.109909199793987,5.113579702793578,5.318916512403368,5.072233733735353,5.168602245409931,4.998706630667558,5.087351483044078,5.938046911208309,4.211171723457591,0.9369132323529403,2.4798945181741456,1.3559724283301944,1.8208726907531068,2.0436345569695726,2.2781084493189807,4.50995101998961,8.958603832241092,6.146038738040707,12.463855220008233,1.9544465235467683,1.3056566368317095,1.4370265720616477,2.5018659538149577,2.740576395001486,3.5247168282982773,4.0383565393779115,3.631938380177593,1.7365696267896076,10.234917195703856,8.56180036191252,1.8785810677888486,1.8763012333557034,8.369237604645578,4.83524709002621,5.377623906940361,9.73645065351112,4.303813385796827,4.321629254713999,4.25218915617088,4.24851124438934,4.38027587142624,8.899351341630538,9.006303102702788,2.2346499354325466,2.040223793419447,9.568149361665093,4.141119171826178,5.495615322283145
5.671724148405062,13.57398380559795,13.563462643108656,7.908878076632986,11.096488908682815,1.3226668406305273,0.0,4.703814649005544,8.667186097317924,3.7768169830169676,0.08327946951849036,0.09239385392185037,1.7338868921585824,1.7783711722067248,9.858260057260152,1.0256390882504853,0.2763857206905429,1.0257690311718575,1.9313092098620757,9.771462849463418,5.807603786934065,1.609487943099009,2.8803847361823403,1.5903995154201689,1.707224071457455,1.6550676681786354,9.822824255056172,9.811253441367732,9.258439467776029,8.951693945009438,0.604245338717889,8.97996638548408,2.6943257220898773,2.6395402789866913,13.143000211678666,10.706521872595367,0.09732041288468365,13.762764830416355,13.765919104212246,11.451420054725066,4.187390878521991,4.153421942820379,4.1912257293432775,4.406782562085444,4.163799581720275,4.219279179477097,4.031596163440505,4.110635605861303,5.060903599120502,3.2751626519296324,0.6682138057809485,3.4264491198912888,1.0301955177493702,1.6303562252359065,1.8884582493262965,2.121646048511562,3.4168329541690277,9.388558144907664,7.250664973496181,13.741657913538566,3.2066475995980115,2.423268642319582,0.5631461858353191,3.738181842589411,4.021505559016512,4.62990322065113,5.184751273327437,3.5381858486218567,2.6101612942418253,11.421125570477807,9.718347578930445,1.2312629761569875,0.6385172436718289,8.799139339636817,5.354357179004745,4.750328261705315,10.360078426025607,3.7643131135759518,3.8123491257919238,5.508574682824605,5.505495471851344,3.7204504350541994,9.3216504212601,9.443171537232177,3.0341667628740474,2.238601979573563,9.849856385876246,4.010382294645434,5.687659370560106
1.3934839701006418,11.198312625386134,11.202983263079664,8.280375523610873,9.760308744421495,4.111941454496369,4.703814649005544,0.0,3.96854608676928,5.5925867239761455,4.631785935459383,4.727237948565605,4.432119043781031,4.447529769725112,5.739421444221422,4.714308553550062,4.501778718831076,3.976410192570778,2.787218550987054,7.411476936350258,2.9148164366451614,3.119448099871129,1.8234660688457371,3.142399323809969,3.0065098406940187,3.0610933779953133,9.923175468216543,5.425485557173626,4.903500500303125,4.30751688183243,5.279221694777112,4.662638161164057,3.475265964289472,3.4341582605788354,11.462115295017242,7.890961573389652,4.625616422846383,10.676521561707784,10.73029922001103,7.821083440697372,5.3740684661298985,5.371824571796514,5.2507894629344305,5.341604192735183,5.176285147063596,5.382256554390289,5.341974443468282,5.432091873782867,5.622683360880786,4.799174664293338,4.059227035445429,1.892255195462752,3.708062467501989,3.2117968748691714,3.015230918778366,2.8766667917589723,5.515605083106134,4.8614749958449295,8.385923234903082,10.698404816205498,3.129597286830691,2.9914665647335394,5.179715662779501,2.967746967998911,3.3354945072346966,2.214393300790418,2.593473560851081,2.2592108555576593,5.478170479030898,7.788747984053017,10.269648459423703,3.8211336168599117,5.3090980858060846,4.275579979202909,0.7495503470458741,4.405253477369326,5.665415695310573,3.62751775200586,3.5437184305575826,6.028975976251168,6.021600481915392,4.0165420477723925,4.805678927420769,4.90639964038093,1.9041831158657667,2.5067019885981527,5.567712656746292,2.377626874710695,1.9735621947150994
3.2047683626181867,10.770968714075552,10.791567673502511,10.59455546948839,10.561097877150184,8.03995799604271,8.667186097317924,3.96854608676928,0.0,8.826793407565457,8.596435288462231,8.68737547448352,8.301588281478812,8.310380594124824,3.356478883016476,8.65898639761327,8.469476906702559,7.889347314860823,6.75575392070679,7.687798102648722,4.819106499962736,7.08797555009181,5.7894203751731705,7.110869703412467,6.974697475396186,7.01667189449641,11.822903742262342,2.4745782148534885,2.2625478260258687,0.7467434714698619,9.234957206307548,2.2673303048748017,7.182407360975607,7.160215124509461,11.710877491991813,7.518718611073263,8.590702172393765,9.479126980119771,9.590302869683423,6.318367904387854,8.401621559922312,8.414062025223135,8.25648685433806,8.262782222857329,8.182802688894565,8.396939211812462,8.432397829536187,8.503050952643225,8.271584051640712,8.127336424219292,8.026927198485392,5.632924706307181,7.659760895792257,7.129860866809947,6.909697911303185,6.735318851864871,8.871513422158648,1.644704761194452,11.118251371704192,9.552791837607923,6.702420427131882,6.829513032684745,9.148183667166784,6.334617946700556,6.541277940311073,5.151088302176722,5.055236429617364,5.686690127267501,9.237994210860965,6.289785127974943,12.426463556705492,7.717688374265163,9.263900696602152,1.3976232246768543,3.325438931776143,6.997492665527026,1.6983705737508754,6.7165754240512685,6.611654127449391,8.868646022762906,8.860863719963634,7.123675671398062,1.6567610046328942,1.6331997088978498,5.805379966307353,6.44625777870216,2.852007488300826,5.489242868136427,3.6465585777204366
5.673975850214108,16.359013580066204,16.356304121474228,11.518214441504373,14.29808568003896,4.837405746540289,3.7768169830169676,5.5925867239761455,8.826793407565457,0.0,3.8082596802737907,3.691572618693172,5.370438436255686,5.416898758032979,8.638590695153095,4.778631537738337,3.936483984316189,3.08416848663499,4.156046973041124,12.487393032196657,8.010526446613504,4.104431952996998,4.415549697037269,4.114735827232758,4.0531370613055655,3.7412388835725587,13.419555664165598,8.981531475765944,8.451713476972888,8.796063192490424,3.713577302314278,8.157341594663109,5.8513079195778674,5.7781599661609215,16.247244471199192,13.19687567861817,3.823330634662907,16.126052017552293,16.163284491222036,13.385683351357995,0.6685177785664833,0.6318812363075978,0.7860258463957527,0.9510683181389938,0.8283104235153508,0.6979720797348116,0.5263927223122498,0.5290261675951161,1.5553629333725074,0.8070024845362015,3.9024705149391603,5.592527488105733,3.5331103725119357,3.347483261513143,3.299094139499688,3.2263668247382884,0.3864183466704754,8.873969075858271,10.973525898783588,16.13369184203889,6.148042836473154,5.280749597499202,4.177193186766844,6.535054495453736,6.943587925326379,6.868643595671739,7.4554267078901,3.3438440834454406,6.3791452749866195,13.353469904627143,13.399030503829694,2.997005295409831,3.7028339934889916,8.354489349853115,5.844818179844343,2.1517083106208448,10.333239736752331,2.111532736761462,2.215870060798696,9.048720058243063,9.044363869417605,1.7031248080212122,8.792022255000003,8.942936510491023,5.071983995566102,3.8117890719827305,8.853801382625761,3.38174151625037,5.186563754484335
5.609148508260355,13.496150106547494,13.485727833524914,7.852986279255204,11.025577272757412,1.2484014229985636,0.08327946951849036,4.631785935459383,8.596435288462231,3.8082596802737907,0.0,0.1617561521808902,1.67140153709625,1.7162961430286685,9.806333095510116,0.9795759008649284,0.1956920108103548,1.0005105369029708,1.8558080082402886,9.691913577384353,5.724324337046879,1.532384965957046,2.8083442602398305,1.5129150113054695,1.6320866047655085,1.5880182695974776,9.766793574591826,9.752913537968157,9.200462823453318,8.884612124321912,0.6861765880651489,8.922648920702747,2.614825838556387,2.559576129116798,13.07039107016762,10.625211330432291,0.0171821536159396,13.681091821668051,13.684459556212072,11.36816513624728,4.208302538565276,4.174706936911034,4.209284705133565,4.424250883815565,4.180492771186441,4.2399786403703175,4.053712943977693,4.133848486762999,5.076137963876938,3.292475076214761,0.5884745447997958,3.344426829310399,0.9709783485881277,1.5772656593912404,1.8368886623167289,2.0726254895671206,3.4513328055089776,9.325952296345802,7.204974226582755,13.660161042063176,3.1251046274920533,2.3401454174165446,0.6043283134724478,3.6560039024480138,3.94083029405609,4.546700592199931,5.101471818048371,3.493915786334562,2.5729357357794127,11.337868673450496,9.668632434735564,1.2033293934178213,0.7206530618573596,8.736294588156326,5.285623099518341,4.744397159187602,10.289950269815503,3.749426492270018,3.7954089602044303,5.446973085410903,5.44382082418224,3.714629471023365,9.259349525556736,9.380288859636234,2.9541834487663174,2.1734883545534394,9.794150743833221,3.9696882922651024,5.633275949286546
5.677316369530076,13.657632142427337,13.647240185453384,8.001234705592994,11.185974807486508,1.4098899793769983,0.09239385392185037,4.727237948565605,8.68737547448352,3.691572618693172,0.1617561521808902,0.0,1.8258738485337302,1.8704200642786217,9.847071946624157,1.1171074270029715,0.3567524887280297,0.9886111615594715,1.9642038233702668,9.852494684871719,5.872223759719756,1.6468788172404263,2.9046182417641955,1.6288257237502297,1.7396152715308868,1.6712240646627379,9.9151845735484,9.809524757946532,9.256192292264686,8.964751284811697,0.55930905577186,8.976732977596278,2.775555030775813,2.7199335577754975,13.231500089684797,10.783644301194844,0.17846186767144695,13.838782799185573,13.842594534810242,11.51739065633932,4.107653990911873,4.073472785935058,4.113202678893475,4.3290862142736675,4.08663248782681,4.139661439312621,3.951187383161213,4.029590658903131,4.984516069463629,3.197826802450611,0.7166638169515958,3.479179208367154,1.0359177213512778,1.6245210880651264,1.8798775826377139,2.109149580174148,3.3302608279526567,9.39372658851927,7.341541078879633,13.818222229999321,3.283283370460556,2.4921324117238917,0.6010047937461871,3.812604054214726,4.100347037343904,4.691725481861363,5.249409129338536,3.5180802636465796,2.698814295358146,11.48703240205043,9.810026804549446,1.1958298207846103,0.5919590303215662,8.804756929851939,5.370998352231696,4.689739085236976,10.378893381831835,3.7120043682383925,3.7619584312396497,5.600749035366201,5.597661543907047,3.6600827092343757,9.326315195250373,9.448800394968549,3.0787100869326856,2.2503219274696384,9.844128171616406,3.985572031671735,5.680518312775724
5.67972374452363,11.955787629140946,11.94309071417022,6.192267187600952,9.38759942341102,0.5594357180132371,1.7338868921585824,4.432119043781031,8.301588281478812,5.370438436255686,1.67140153709625,1.8258738485337302,0.0,0.04649176069953986,10.060147220245561,0.7792095478871428,1.496731663463927,2.304095280399604,1.9736165123024425,8.208022812977855,4.626394371026154,1.727836137224853,2.8129576596170476,1.7018795771695667,1.8592186543071905,2.086901753565935,8.104937717962764,9.8380839977515,9.304533923991704,8.716096444035252,2.162553747582145,9.049685794608248,1.3004049593116758,1.2822763577644052,11.447298842278377,9.212112518643952,1.654258474406326,12.278830535944275,12.270084981344667,10.164374090541864,5.68822856393194,5.658170019220247,5.665091304564748,5.871582475568175,5.624820423673677,5.717703725714327,5.545602129455474,5.633322631955638,6.493796320637622,4.75946406072232,1.4706293647466588,2.675602765829135,1.9138072676598994,2.374243452841932,2.5904484276934903,2.820588357205844,5.035687899051054,9.293523094189537,5.6042063477479145,12.247889500727272,1.8850651169428931,1.4726636392147232,1.6841251241154245,2.4283283947260452,2.5828273874695817,3.561156003023794,4.02521054267547,4.145589255575141,1.198606970746675,10.135482905304947,8.035806169543743,2.4319981491713003,2.1955448431216245,8.707040888087791,5.171204618939388,5.935199559018291,9.991074665810984,4.859321087166895,4.875481519928165,3.775598407177293,3.772433318858547,4.939445133114408,9.237293480279005,9.33850222645158,2.528367859949581,2.54005716205928,9.95058153991675,4.655097321819392,5.927999758941525
5.7003793321774285,11.920009195022399,11.907202099487158,6.146227313318444,9.34646817670048,0.6036185849924091,1.7783711722067248,4.447529769725112,8.310380594124824,5.416898758032979,1.7162961430286685,1.8704200642786217,0.04649176069953986,0.0,10.08258585278431,0.817424149336097,1.5422261681087548,2.3501959427269967,2.0066063148182653,8.175353855472492,4.61193935529314,1.7645611552928904,2.8383547668528437,1.7387423071035708,1.8953301583953124,2.125963830295778,8.058964377768426,9.856391501373391,9.323536750147946,8.728188845497028,2.2030399234214633,9.069379400663307,1.2871891230943153,1.2716094893524255,11.40707652267869,9.182437289876358,1.6991618133537978,12.24918573960718,12.239934293876729,10.142898323911439,5.734246970082004,5.704216777928351,5.710924939989287,5.917320606273271,5.670563157049572,5.763703135255136,5.59171712646841,5.679480422270127,6.539181923941243,4.805497153847494,1.5169458636423103,2.68194292422555,1.958708092283369,2.4160291643523717,2.6309456056775318,2.860315677212854,5.082179658967246,9.308999854264007,5.5578151220516165,12.217829468363414,1.8715365796524963,1.480867580800208,1.7219480635856454,2.41289541015661,2.5603512528953254,3.5528832843301776,4.012467981930126,4.180988775224568,1.1623839574002957,10.114066712094647,7.9893354717360605,2.4775780499797593,2.23588816059601,8.72287376710811,5.187721182120686,5.977925539115423,9.99897484081537,4.90141044642851,4.917138032219531,3.7306842388969215,3.727542043434473,4.983012218120701,9.253067944224336,9.353712420958004,2.5434108007594483,2.5744947197789845,9.970650907846583,4.690433228089552,5.953788535375661
4.3935662963054165,14.098747941047524,14.120783087664883,13.555314462880936,13.88181020597059,9.654390658513238,9.858260057260152,5.739421444221422,3.356478883016476,8.638590695153095,9.806333095510116,9.847071946624157,10.060147220245561,10.08258585278431,0.0,10.18369082712575,9.736912180912977,8.89385651007043,8.18092459163091,11.030586298387838,7.699443553633238,8.49606240791802,7.256572152630244,8.522854327172917,8.36202406417587,8.277265584814545,14.940246494734613,1.009924357947997,1.1014165689839472,2.622694466988605,10.326968264879271,1.1933913503225475,9.208776787407116,9.16448719500541,15.067244304937507,10.871595935717512,9.806374529475386,12.696252372663784,12.818449615908115,9.552826478658682,8.046880935374041,8.072953778766225,7.902376908468272,7.82014596868446,7.841936378813015,8.029328661348485,8.140207401243957,8.178841709153422,7.558137589156302,8.151536103960337,9.322572313251165,7.631639857523321,8.839849128887387,8.229068667165626,7.969889209311886,7.737932422145371,8.823839100008767,1.7651975446760797,13.89928554277571,12.780397795967282,8.864170489593093,8.685550133995521,10.40827043101172,8.650016544933747,8.967706940385705,7.647812368373704,7.753005753443227,6.3510231350513395,11.172250713165367,9.526179007426318,15.467344759195091,8.690627720926287,10.347719057508819,1.9939550482383623,4.995855212950292,6.5012901631040485,3.3255773980654686,6.762244453943248,6.66332368993733,11.5613722352219,11.553661407487716,7.091995191972919,1.7284101510376382,1.8031826361994476,7.586647889045021,7.69738331804689,0.5845468351228633,5.9303776713551075,4.181651465809865
5.859111671298559,12.733273332965874,12.720757974261899,6.891614586255204,10.159873090820744,0.6436998285766515,1.0256390882504853,4.714308553550062,8.65898639761327,4.778631537738337,0.9795759008649284,1.1171074270029715,0.7792095478871428,0.817424149336097,10.18369082712575,0.0,0.8426604790720983,1.8160700550095858,2.0046587054148293,8.977339781065215,5.27718014547954,1.687926146213434,2.9574616567318324,1.6610480306112272,1.8226636540577132,1.9466909665194991,8.805528817132613,10.037099644409341,9.49306626074117,9.021657235144737,1.3898541831290334,9.226858958319617,1.9800307546118578,1.9445407153180325,12.222978554727042,9.968272259449895,0.9634429816012947,13.034291661687412,13.028104937027095,10.86618330731176,5.1551208053476,5.122630556825834,5.147645553632991,5.360233807236022,5.114568855475857,5.1861355662608775,5.0041210418115325,5.086958503566909,6.003124050241655,4.231294703185676,1.0165044162418162,3.1217076942660387,1.5454724983568213,2.122019009348131,2.373565418953013,2.619328428444295,4.4260448392458045,9.542473844720165,6.225747809012143,13.005462273332983,2.5524970880406546,1.948472509703846,0.9049402312286011,3.102566785580037,3.30566789388371,4.159466850672364,4.663291573940139,4.032718829748598,1.6015773622626224,10.836836100607284,8.693007553327526,1.9860539751719268,1.422043909761535,8.95210212690276,5.426732891056951,5.573885981616633,10.35669207431504,4.532199686193804,4.563951032207844,4.5125043849905815,4.509781011134514,4.552320918395164,9.481468658378432,9.591728905537243,2.858581929543659,2.5004254046587566,10.118024341529402,4.535514493535287,6.008266336821137
5.509840829295972,13.30090086745754,13.29052389208685,7.685904972574769,10.836376594512425,1.0567263042399797,0.2763857206905429,4.501778718831076,8.469476906702559,3.936483984316189,0.1956920108103548,0.3567524887280297,1.496731663463927,1.5422261681087548,9.736912180912977,0.8426604790720983,0.0,1.0250628633057794,1.7167976658067903,9.49622297736295,5.537510976061359,1.3878422544596776,2.680304431555806,1.3667331997116985,1.4955501108218723,1.482460798528608,9.59927099392858,9.664955277756597,9.113707382641328,8.769818242581744,0.8654174155111194,8.837908805682451,2.419142769196946,2.3638954009399513,12.879289124289668,10.43014448619555,0.17980395440173202,13.486403798471299,13.489533427856195,11.179875495556365,4.315656006441702,4.282843224266593,4.310892797389615,4.524421792265227,4.279355397659488,4.346872807104569,4.163642071770148,4.245855663221466,5.171115732183223,3.3939192380735124,0.4425612666125051,3.1715738480355595,0.9006885395574713,1.5169144572791124,1.7789000998247095,2.0205302533213048,3.585653250599613,9.22520235415217,7.056033413626878,13.465273237744395,2.930270294156249,2.1503445887575614,0.6847938865005053,3.4621450847257442,3.7453429990911067,4.362787418811896,4.914702124139755,3.4502409290852447,2.4442077235969286,11.149633364680751,9.511982323721305,1.2168776549805471,0.9006181117333907,8.634943230762063,5.166624785899145,4.793819977374805,10.16483089249771,3.7796128248661263,3.8206520522086187,5.271044186146202,5.267778461253025,3.76578992141892,9.159552559440355,9.278673027056241,2.793024489264343,2.0713720792074137,9.71390896292587,3.9348165201711414,5.558525862162895
4.801453915875682,13.628492801622597,13.62138598101631,8.435253275472425,11.347779370705974,1.7590447952772243,1.0257690311718575,3.976410192570778,7.889347314860823,3.08416848663499,1.0005105369029708,0.9886111615594715,2.304095280399604,2.3501959427269967,8.89385651007043,1.8160700550095858,1.0250628633057794,0.0,1.4191283342061185,9.776170507084538,5.543941671464057,1.205677043888823,2.20227795305741,1.203460195694166,1.2238644827531866,0.9982473297784619,10.338853638756149,8.890144765950488,8.335225639134514,8.120808738211178,1.4331189301350933,8.05206554835695,2.835355519842527,2.7657197558963555,13.348036358757245,10.622308365689696,1.007368869094707,13.64625407991757,13.66236472296726,11.168378443028589,3.3844262840905985,3.3541971416456113,3.363805353368438,3.572206048699639,3.3254798934424383,3.4140514349707924,3.241526681768411,3.329449400829485,4.203575565678682,2.4555995794403533,0.8371948715072872,3.0506356212657217,0.4815077176114982,0.7646423631177283,0.9816263932014185,1.1802906841253507,2.767903360460683,8.506181336055452,7.904789156680182,13.635958512246948,3.222286926914208,2.348981073833054,1.5868344297610912,3.6888236746654366,4.050908666066127,4.345115045750318,4.931682537945786,2.5480571393711235,3.3910849357845434,11.137206410201982,10.316684644954746,0.20772434858338784,1.4542023807939508,7.920369323963313,4.564355202429592,3.7706505820777765,9.567847709010001,2.755715090525946,2.7986765171386296,5.970861046218014,5.9666810284511405,2.744024291024025,8.436382474526589,8.5634705531134,2.571704487111532,1.475794588371542,8.909131832592301,3.005007191629665,4.745844255241261
3.8602086776747435,12.289925221691055,12.284493313570144,7.54109124742418,10.142049759571137,1.4934583426296213,1.9313092098620757,2.787218550987054,6.75575392070679,4.156046973041124,1.8558080082402886,1.9642038233702668,1.9736165123024425,2.0066063148182653,8.18092459163091,2.0046587054148293,1.7167976658067903,1.4191283342061185,0.0,8.424725322895465,4.128081154727737,0.3331163342156673,0.9734470934561174,0.35722980204029076,0.22465283662323096,0.4421526114644567,9.406078849218163,8.036936596478883,7.491376183920347,7.071791985302757,2.522946851080059,7.223737052071735,1.7872810598861295,1.7125713691802755,12.09921432495418,9.234452236555109,1.8483321217272555,12.245728156899652,12.265037001396527,9.749276028913991,4.28168203389911,4.2597354936927205,4.219245932230454,4.400310459583754,4.1630941531144465,4.305513071893606,4.1696559462275,4.2657513566119425,4.949306161501924,3.40282618566813,1.27487844569274,1.6315796022023894,1.009786101014758,0.8200219011968454,0.870229080867851,1.0176608270527443,3.907394769970773,7.55857409099627,7.201738499034168,12.238105393435431,1.998086729103861,1.1526997962983105,2.3925642850343443,2.3844293928961497,2.7877420498016914,2.929843381799769,3.5189899435955145,2.1843563945775504,3.166410816097624,9.718111666600091,9.49236164145714,1.3536883528483117,2.554854454110741,6.967721381908487,3.4658855886954063,4.1706880278664356,8.45230853529342,3.0800090502451187,3.07347877813124,5.056493891364772,5.051102669548763,3.253724294566357,7.495666649624706,7.609622146081555,1.1594973462916818,0.5762857834696439,8.11378348119492,2.6922815789196655,4.010576897763039
8.316332657655263,3.871920581954782,3.868919201362071,4.982867107752502,2.9227101549441423,8.467340521759311,9.771462849463418,7.411476936350258,7.687798102648722,12.487393032196657,9.691913577384353,9.852494684871719,8.208022812977855,8.175353855472492,11.030586298387838,8.977339781065215,9.49622297736295,9.776170507084538,8.424725322895465,0.0,4.553103168463963,8.576218073777198,8.07894141649597,8.575953518544667,8.580927707305532,8.86568613773629,5.136852626281147,10.158697709308697,9.929421613064639,8.433459667251238,10.308178171246603,9.884083823489712,7.077140650592308,7.132682113797469,4.13121700691038,1.256826899441791,9.675894715439227,4.166133134301353,4.1295404106892954,3.351078746567437,12.462985777467159,12.450556848775943,12.365089498754688,12.501419231827219,12.296368788259132,12.479386173143757,12.387691507549084,12.48438953775077,12.896968705788728,11.690955494787234,9.217193928603846,6.8957482145834685,9.301992002609957,9.240291176200795,9.227784669267267,9.269049664302965,12.286055281031523,9.328650905039533,6.19804308946512,4.112290674917326,6.587331049726372,7.439199694664082,9.874047039132906,6.090697584821968,5.75884036443061,5.627431190526202,5.051860140521426,9.458858108171608,8.15676367735572,3.341715733594524,6.024296029269603,9.756852730648665,10.343268164751274,9.039094809958822,7.660035248514263,11.757075550585553,8.470012004349742,10.845350886024665,10.781384093849725,5.30550959482919,5.301923849249183,11.182649593525602,9.344139329566538,9.311477187704769,7.416924926324841,8.684721258236223,10.539635306611416,9.71733940182036,9.094734677917867
4.026800689343031,8.398054119472002,8.398911011894613,5.857804397099194,6.850880981127177,4.655523605840283,5.807603786934065,2.9148164366451614,4.819106499962736,8.010526446613504,5.724324337046879,5.872223759719756,4.626394371026154,4.61193935529314,7.699443553633238,5.27718014547954,5.537510976061359,5.543941671464057,4.128081154727737,4.553103168463963,0.0,4.352734201705154,3.601843441116877,4.360019750055104,4.32059833397888,4.563717950212658,7.289112347402095,7.068629407565268,6.662206475581991,5.475431125939895,6.401698111128115,6.509771073271257,3.326207138344521,3.3486797942299673,8.555752473202233,5.186396173693911,5.710874841508567,8.144234373038946,8.172240043724821,5.647072365055887,7.94068463017023,7.930267279872679,7.837267336365985,7.965944507304046,7.767107641010048,7.955521886012399,7.873978999199075,7.9698985442398715,8.34663246848004,7.205960337425404,5.167635397206343,2.5021700026711517,5.103670774037117,4.902728092164223,4.839948023703243,4.8395495002386575,7.840163528270524,6.303394913226939,6.301494761052057,8.143889842786603,2.7416346616714273,3.3916914432370295,6.07540878105969,2.199857040268376,2.1478438405101437,1.1988656763034458,0.6228527631676438,4.906854790120021,5.155968962493606,5.616516208503465,7.772747129374999,5.479702683377619,6.437122527912142,5.819355500515735,3.3071634239132504,7.205592863184211,6.295347182606252,6.296318304777873,6.230627030727107,4.061554975318758,4.053808531388419,6.640600545513155,6.281634275765756,6.318401733766176,3.0093045102399496,4.269951573928895,7.349210046644712,5.168084248153295,4.763756897436006
4.187528580936859,12.433131132704885,12.426583953458879,7.491668448784154,10.212812611850996,1.2146116415780455,1.609487943099009,3.119448099871129,7.08797555009181,4.104431952996998,1.532384965957046,1.6468788172404263,1.727836137224853,1.7645611552928904,8.49606240791802,1.687926146213434,1.3878422544596776,1.205677043888823,0.3331163342156673,8.576218073777198,4.352734201705154,0.0,1.3063949724711204,0.02721662424831762,0.1365994591332768,0.3969448863889865,9.372139323079438,8.362806430931453,7.816319758805862,7.404825414050139,2.2061818746775126,7.547428424515461,1.7553507285076035,1.681163884932321,12.19143380426856,9.416631324236736,1.5241973268100428,12.44176296326277,12.457268212921887,9.990003068603503,4.281489500022542,4.2571017807678695,4.229742563577877,4.419557293209549,4.177780734438171,4.307091831869479,4.16004873855961,4.254677192061407,4.993826597948158,3.3797532056827846,0.9473786994562317,1.8799201310220763,0.7509599882991158,0.773602822049526,0.9193868715172439,1.1232587861034167,3.832435035967338,7.889155690409517,7.095450301538552,12.430944779216121,2.0582941509492487,1.1824315185323573,2.0609256974793784,2.497066159549661,2.8759588970851757,3.154651507229316,3.736603500331581,2.420195089476681,2.926439830619357,9.959051062710865,9.424882680868883,1.1831094044021893,2.2387550690113436,7.298292930209514,3.7989054479994913,4.289437694153134,8.784754249140065,3.1998815159379914,3.2037737076012833,5.006178402988976,5.001167080866106,3.3359414899793833,7.825940455837594,7.940466470981335,1.4414394790633769,0.8270581184213575,8.43569853590292,2.929722045586088,4.320509447804759
2.902895505689342,11.948854481339858,11.946888546900823,7.800147633392268,10.03193475853205,2.3999967383723004,2.8803847361823403,1.8234660688457371,5.7894203751731705,4.415549697037269,2.8083442602398305,2.9046182417641955,2.8129576596170476,2.8383547668528437,7.256572152630244,2.9574616567318324,2.680304431555806,2.20227795305741,0.9734470934561174,8.07894141649597,3.601843441116877,1.3063949724711204,0.0,1.3306768868730527,1.1875088809229073,1.2452167608772553,9.606085092166092,7.080651845353058,6.538025398975139,6.098455747292948,3.4582046350611346,6.274258359547672,2.2186132245210692,2.1532266510123272,11.914610870547833,8.785443678331628,2.8022348348431154,11.739346874046946,11.770661849793235,9.106744172049426,4.39345367123846,4.379194249833269,4.302571048326436,4.452318563538745,4.236355936688221,4.411437894619906,4.311965565084299,4.4089344074041605,4.911355488047648,3.6146291211688255,2.237831733856939,1.2126999414027757,1.8929160540183148,1.450783846797232,1.3075480776025445,1.2550524868077797,4.238334248889543,6.589575681849501,7.619719662357472,11.741888710148379,2.1664209563596586,1.57485494746598,3.3606705722153665,2.3485823641787325,2.7891929400855884,2.4539633199765873,3.039880672505766,1.6599873045042712,3.964700325426882,9.07499612291005,9.786139015265487,2.0713116578209245,3.4885198460299836,5.9988273451995955,2.4925303101175276,3.9305558349829277,7.484526671150288,2.8896311711142078,2.8500157143827587,5.354888433376294,5.3485840081936304,3.1697837634105563,6.527449526364921,6.639974263712835,0.7237957918697601,0.7374827874201985,7.169016635663297,2.116755188307501,3.1155472262830877
4.213359334750865,12.431955824457688,12.425308670758021,7.475715604158746,10.205566382347913,1.187704546899824,1.5903995154201689,3.142399323809969,7.110869703412467,4.114735827232758,1.5129150113054695,1.6288257237502297,1.7018795771695667,1.7387423071035708,8.522854327172917,1.6610480306112272,1.3667331997116985,1.203460195694166,0.35722980204029076,8.575953518544667,4.360019750055104,0.02721662424831762,1.3306768868730527,0.0,0.16381345507019152,0.41654642033591777,9.357133326821497,8.388843115246297,7.84245310824054,7.428989605658649,2.1880688521847236,7.573679595460746,1.7424026253029157,1.6683614037278172,12.185865370792419,9.41919047903545,1.5045397856962075,12.445569914168109,12.460698730475706,9.998557224835357,4.295525813971697,4.270972536288798,4.244530375351344,4.434898560006755,4.192866107146478,4.321246071651772,4.173449357730775,4.267950665731218,5.010730243552383,3.39242111207563,0.9269895852138135,1.8907267488223172,0.7444430406486519,0.7886819210171864,0.9396788966853442,1.1457823619727971,3.8409797634877285,7.914437378525597,7.0758874512227,12.434435909752194,2.0520269218891163,1.1754710694028627,2.038557321641621,2.494704019094961,2.8713059218444537,3.1622725953176483,3.7433074541426583,2.4466812510263662,2.9004854954645323,9.967629797249288,9.407634229397011,1.185603338459427,2.2207739237766533,7.323575379246171,3.8230943823371746,4.310821359110262,8.807781446723705,3.2215437993601737,3.2259671880745984,4.990422349375217,4.985437599893626,3.355498230947149,7.851293132633416,7.965682950520034,1.4563810405613486,0.8542053393826017,8.462099266860006,2.956192324996617,4.3474617852958035
